Zustroemung Heckfluegel: u_x [m/s] und cp ueber z; OF13 |y|<30 mm RANS, FX y+-40 mm Mittel 23 Ebenen, je Zeitpunkt
cp FX aus (rho-1)*2/(3 u_lat^2), u_lat 0,125 -- Bezugsdruck NICHT abgeglichen (nur Verlauf lesen)

 x_v2 = 3.90 m     OF13 ux   cp | e300 ux  cp | e501 ux  cp | b300 ux  cp | b501 ux  cp
  z 0.88     13.1 +0.24 |   -0.7 +0.17 |   -1.1 +0.19 |   -0.7 +0.19 |   -1.3 +0.09
  z 0.91     19.7 +0.22 |    3.2 +0.13 |    1.1 +0.10 |    2.7 +0.16 |    0.4 +0.04
  z 0.94     22.9 +0.21 |   12.1 +0.16 |    9.6 +0.15 |    5.4 +0.13 |   -3.6 +0.05
  z 0.97     25.1 +0.18 |   14.1 +0.15 |   10.7 +0.11 |   -0.2 +0.16 |   -0.2 +0.03
  z 1.00     25.7 +0.16 |   16.2 +0.15 |   11.0 +0.10 |    6.6 +0.09 |   10.1 +0.03
  z 1.03     26.3 +0.15 |   19.2 +0.14 |   15.4 +0.13 |   13.1 +0.15 |   13.6 +0.03
  z 1.06     26.6 +0.15 |   22.4 +0.14 |   16.7 -0.00 |   17.7 +0.16 |   17.1 +0.07
  z 1.09      nan  +nan |   25.0 +0.15 |   18.6 +0.16 |   13.0 +0.10 |   17.7 +0.13
  z 1.12      nan  +nan |   26.0 +0.17 |   24.0 +0.10 |   20.0 +0.13 |   20.8 +0.16
  z 1.15      nan  +nan |   26.4 +0.17 |   26.7 +0.20 |   20.9 +0.17 |   21.7 +0.13
  z 1.18      nan  +nan |   26.9 +0.18 |   27.1 +0.20 |   26.6 +0.19 |   26.3 +0.18
  z 1.21      nan  +nan |   27.3 +0.15 |   27.2 +0.17 |   26.9 +0.17 |   26.9 +0.20
  z 1.24      nan  +nan |   27.5 +0.13 |   27.4 +0.14 |   27.3 +0.16 |   27.4 +0.18
  z 1.27      nan  +nan |   27.9 +0.13 |   28.0 +0.18 |   27.7 +0.16 |   27.7 +0.14
  z 1.30      nan  +nan |   28.2 +0.13 |   28.2 +0.22 |   28.0 +0.17 |   28.3 +0.17
  z 1.33      nan  +nan |   28.5 +0.12 |   28.3 +0.09 |   28.4 +0.15 |   28.5 +0.18
  z 1.36      nan  +nan |   28.7 +0.11 |   28.6 +0.19 |   28.6 +0.14 |   28.7 +0.12
  z 1.39      nan  +nan |   29.0 +0.11 |   29.0 +0.12 |   28.9 +0.13 |   28.9 +0.16
  z 1.42      nan  +nan |   29.2 +0.08 |   29.1 +0.18 |   29.1 +0.13 |   29.2 +0.12
  z 1.45      nan  +nan |   29.4 +0.06 |   29.3 +0.07 |   29.3 +0.10 |   29.3 +0.15

 x_v2 = 4.05 m     OF13 ux   cp | e300 ux  cp | e501 ux  cp | b300 ux  cp | b501 ux  cp
  z 0.88     13.7 +0.33 |    2.9 +0.18 |    0.2 +0.15 |    3.4 +0.22 |    2.5 +0.17
  z 0.91     21.3 +0.28 |    7.6 +0.18 |    7.4 +0.14 |    5.9 +0.17 |    2.4 -0.02
  z 0.94     25.2 +0.20 |   12.3 +0.22 |   11.8 +0.17 |    6.7 +0.16 |    1.6 +0.02
  z 0.97     26.6 +0.14 |   18.5 +0.15 |   15.2 +0.13 |    6.6 +0.17 |    3.2 +0.02
  z 1.00     28.2 +0.06 |   18.4 +0.13 |   16.6 +0.13 |    9.8 +0.15 |   12.8 -0.01
  z 1.03     28.8 +0.02 |   23.3 +0.13 |   16.4 +0.07 |   13.2 +0.18 |   18.5 +0.09
  z 1.06     28.8 +0.00 |   25.3 +0.17 |   20.6 +0.09 |   16.6 +0.21 |   20.2 +0.03
  z 1.09     27.8 +0.03 |   23.7 +0.27 |   22.5 +0.16 |   17.3 +0.26 |   17.7 +0.06
  z 1.12     22.8 +0.26 |   18.7 +0.50 |   19.1 +0.47 |   14.9 +0.49 |   16.4 +0.25
  z 1.15     19.8 +0.54 |   19.1 +0.53 |   18.9 +0.58 |   15.5 +0.45 |   15.1 +0.49
  z 1.18     22.3 +0.46 |   23.4 +0.49 |   22.6 +0.47 |   22.7 +0.41 |   21.0 +0.53
  z 1.21     23.5 +0.40 |   24.6 +0.28 |   24.1 +0.37 |   24.8 +0.30 |   23.4 +0.31
  z 1.24     24.1 +0.37 |   25.7 +0.28 |   25.9 +0.22 |   25.8 +0.27 |   25.4 +0.32
  z 1.27     24.8 +0.34 |   26.4 +0.29 |   26.5 +0.46 |   26.4 +0.29 |   26.1 +0.30
  z 1.30     25.3 +0.31 |   26.9 +0.22 |   26.9 +0.23 |   26.9 +0.24 |   26.8 +0.31
  z 1.33     25.8 +0.28 |   27.5 +0.16 |   27.3 +0.20 |   27.5 +0.19 |   27.4 +0.24
  z 1.36     26.1 +0.27 |   27.9 +0.17 |   27.9 +0.19 |   27.9 +0.18 |   27.7 +0.16
  z 1.39      nan  +nan |   28.3 +0.14 |   28.3 +0.21 |   28.3 +0.15 |   28.1 +0.21
  z 1.42      nan  +nan |   28.6 +0.11 |   28.5 +0.19 |   28.6 +0.14 |   28.4 +0.15
  z 1.45      nan  +nan |   28.9 +0.12 |   28.7 +0.10 |   28.8 +0.15 |   28.7 +0.23
